$SPEC_REM:
MultiSpect
ID: 
NAME: cs137mixed_170925
C:\Users\2257697c\Documents\cs137mixed_170925.spe
$DATE_MEA:
09/17/2025 12:51:22
$MEAS_TIM:
372.755 374.276
$DATA:
0 4095
0
0
0
0
0
0
0
0
0
0
0
0
0
0
0
0
0
0
0
0
0
0
0
0
0
0
0
0
233
223
216
216
191
187
155
171
145
161
178
184
145
168
154
160
177
169
137
137
152
178
141
153
139
135
129
114
141
105
140
121
116
117
130
140
113
128
122
120
137
126
137
88
108
116
116
110
115
98
117
89
110
120
99
106
92
108
95
114
113
104
90
101
101
115
105
113
108
87
85
110
122
93
99
98
94
93
95
111
109
106
91
89
85
111
84
79
85
94
91
86
103
89
100
97
95
90
79
86
95
91
89
83
98
110
92
98
108
80
107
87
87
97
107
92
121
92
107
108
101
90
95
93
107
89
107
97
97
109
85
94
99
105
111
96
108
81
88
103
105
107
104
90
93
82
95
107
117
99
105
93
101
97
98
103
90
107
100
97
87
103
100
115
91
99
88
101
99
100
114
104
116
118
126
106
97
110
102
102
105
118
121
90
113
110
79
97
112
104
109
85
110
91
97
106
105
111
100
90
119
104
106
107
87
107
114
112
102
112
86
103
98
97
112
107
97
113
98
113
109
96
87
96
114
122
121
135
83
109
95
106
99
104
115
113
108
92
107
106
96
96
106
103
103
112
101
106
92
108
114
124
120
129
100
105
114
122
85
106
110
103
105
98
106
104
98
102
105
118
88
92
101
129
116
104
125
103
117
127
124
113
106
141
108
104
113
104
97
118
114
107
112
131
130
150
104
125
140
126
133
123
127
123
142
157
143
141
129
159
120
144
153
141
145
139
129
129
133
158
142
164
154
160
155
170
160
173
159
169
153
167
170
157
156
166
161
171
154
178
165
164
182
164
153
185
167
161
166
174
169
183
167
134
171
171
167
156
149
168
176
183
163
156
148
157
160
167
158
148
178
145
155
132
164
151
128
155
139
134
158
135
136
156
158
151
139
138
152
152
153
147
133
134
142
152
145
131
129
159
141
132
134
125
151
151
130
135
120
145
119
150
109
124
137
131
128
153
105
130
144
124
141
134
114
121
115
137
127
105
131
114
111
105
118
119
129
108
116
116
116
127
135
119
106
117
122
127
114
105
107
123
119
92
119
99
98
104
105
107
93
111
96
110
105
115
107
97
105
102
99
113
96
118
110
104
91
103
92
122
96
104
106
96
104
110
111
113
105
102
101
92
82
92
93
82
109
102
99
98
107
101
87
98
99
84
103
85
97
82
96
99
94
99
107
97
94
104
92
85
96
73
94
77
91
90
91
92
108
84
91
109
110
86
102
94
98
94
101
76
106
86
105
96
96
99
81
99
74
73
100
91
80
78
83
88
90
73
91
87
82
85
90
70
73
85
80
92
86
86
77
84
64
90
70
105
77
90
80
74
78
91
86
101
69
92
86
73
81
72
90
84
77
78
76
105
92
73
93
75
76
75
72
79
77
85
80
80
81
71
85
80
82
69
90
84
75
82
83
71
72
77
83
75
88
88
65
75
80
73
81
89
68
77
97
67
66
59
72
73
78
85
64
78
79
73
69
93
67
89
94
79
94
70
85
84
95
75
85
80
77
88
64
61
82
84
74
69
69
71
81
73
79
88
64
87
62
72
76
63
67
77
69
75
76
70
80
77
75
67
79
74
82
81
75
64
72
79
64
80
62
90
79
64
76
71
84
79
72
88
70
85
83
77
69
81
84
75
76
87
78
80
81
65
68
62
79
90
79
69
72
64
80
71
80
62
83
60
88
71
76
70
68
83
71
82
67
78
60
70
80
86
77
60
79
66
90
83
94
73
86
75
75
84
62
83
81
82
73
57
77
77
94
94
86
70
83
77
82
81
72
82
69
83
75
75
58
72
62
80
89
79
66
58
85
87
63
65
81
79
74
79
62
90
72
80
77
57
75
75
67
74
70
64
85
81
76
94
82
78
78
58
69
69
77
70
76
75
86
87
80
89
64
77
73
85
86
72
74
81
67
77
63
86
79
68
65
75
89
89
74
77
84
90
64
73
87
80
94
78
75
84
77
73
87
79
83
81
76
65
67
82
82
92
73
84
65
93
86
90
86
76
62
65
73
64
78
79
80
75
70
86
86
82
93
72
79
79
76
76
78
73
73
78
91
60
75
79
82
91
82
79
87
84
67
82
65
79
83
92
77
89
84
82
77
77
88
94
70
78
83
92
86
85
87
77
62
76
88
63
93
76
79
91
70
87
91
79
77
87
100
92
84
89
79
89
85
71
76
89
81
74
80
78
83
67
89
76
89
86
97
90
85
76
74
91
70
73
96
97
82
91
83
79
77
98
75
82
81
93
85
81
98
88
87
81
82
95
92
82
104
91
81
98
88
73
98
84
73
85
93
76
89
76
93
81
86
96
83
89
86
100
77
85
100
88
100
86
69
91
85
78
86
86
89
78
58
107
81
91
93
77
73
85
55
72
88
79
78
74
75
84
67
77
86
73
95
85
75
71
72
86
63
75
70
75
79
75
66
82
80
62
78
76
62
62
62
61
62
62
60
83
62
65
77
65
57
58
61
59
64
59
54
57
48
48
60
53
55
50
61
52
60
61
53
51
54
62
45
55
42
48
49
54
46
51
40
42
35
38
52
39
50
36
37
44
30
36
40
43
41
37
27
29
45
29
30
31
28
33
25
23
34
32
24
27
22
39
24
28
29
23
24
20
31
26
17
27
21
27
34
31
28
33
25
20
21
25
21
24
27
14
17
18
23
26
24
18
19
26
21
26
20
21
20
19
22
22
23
20
20
13
21
30
17
19
15
18
11
24
19
20
11
26
12
15
14
16
17
12
13
8
15
8
17
11
12
12
16
15
10
16
18
9
15
14
21
12
17
15
7
13
8
18
10
14
11
12
9
18
16
9
13
15
8
17
11
13
13
12
10
12
13
11
11
9
15
12
12
14
10
10
12
19
10
9
9
10
10
7
8
14
16
11
11
14
10
5
8
10
12
11
8
10
12
17
10
6
10
8
10
10
8
5
10
8
17
5
13
14
8
12
11
9
15
22
8
12
13
14
11
16
17
11
17
11
12
14
15
12
16
14
18
19
15
20
16
13
14
19
31
20
23
28
23
20
26
24
33
24
25
20
37
28
34
36
43
31
32
38
33
43
39
49
37
48
32
45
53
44
60
56
50
69
47
52
57
74
63
75
55
66
81
91
63
63
75
84
76
79
78
80
101
101
110
104
102
102
94
89
96
118
119
137
135
113
130
145
123
135
118
124
140
168
145
159
163
168
171
167
188
158
175
184
190
191
186
186
188
188
207
189
201
189
199
192
227
218
223
243
196
226
221
240
232
235
246
230
259
218
248
271
259
246
264
247
265
267
242
228
210
216
280
275
284
243
290
254
271
248
263
251
266
251
308
275
263
301
247
284
275
238
246
266
241
278
239
286
297
266
253
271
271
275
255
251
270
228
266
234
218
263
241
230
227
230
242
219
254
237
233
229
196
230
229
241
190
221
201
189
184
212
205
203
203
180
181
201
163
179
178
173
151
170
165
191
147
169
159
173
148
158
149
143
141
147
137
136
127
137
121
126
102
114
97
101
94
105
114
82
99
95
95
97
89
89
77
90
92
79
78
86
74
67
62
71
78
62
72
62
56
54
51
52
51
56
54
61
47
45
51
42
30
40
45
40
34
38
33
49
27
30
34
32
25
24
39
26
28
26
24
27
19
22
24
11
23
21
15
11
11
11
13
16
10
18
10
17
7
11
8
11
12
9
7
9
13
8
12
5
6
11
6
5
6
5
1
7
3
5
6
8
2
3
12
5
5
9
6
3
7
2
0
2
1
2
7
2
5
2
3
3
2
4
5
1
0
2
2
1
4
0
3
1
8
0
1
1
5
0
0
0
1
2
0
1
0
1
2
2
1
1
3
0
1
0
0
0
0
1
3
0
2
1
0
0
0
0
0
0
0
0
0
1
1
0
0
1
1
1
0
1
0
1
2
0
0
1
0
1
2
0
0
2
1
0
0
0
0
0
0
0
0
0
0
0
0
0
0
0
1
1
0
0
1
0
0
0
1
1
0
0
0
0
0
1
0
0
0
0
0
0
0
1
0
0
0
0
0
0
0
0
0
0
1
0
0
1
0
0
0
0
0
0
1
0
0
1
1
0
1
0
1
0
0
0
1
0
0
0
0
0
0
0
0
1
1
0
0
0
0
0
0
0
0
0
0
0
0
0
0
0
0
0
1
1
0
0
0
0
0
0
0
0
0
1
0
0
0
0
0
0
1
0
1
1
0
0
0
0
0
0
0
0
0
0
0
0
0
1
0
0
0
1
0
2
0
0
1
0
0
0
0
0
0
0
0
0
0
0
0
1
1
0
0
0
0
1
0
1
0
0
0
0
0
0
1
0
0
0
0
1
0
0
1
0
0
0
0
1
1
0
0
1
1
0
0
0
1
1
0
0
0
0
0
0
0
0
1
0
0
1
0
1
1
2
0
0
0
1
0
1
0
1
0
0
0
1
2
1
0
0
0
1
0
0
0
1
0
1
1
1
1
0
0
1
0
1
0
1
0
0
1
1
0
0
0
0
0
0
0
0
0
0
0
0
0
0
0
0
0
0
0
0
2
1
0
0
0
1
0
0
0
1
0
2
1
0
0
0
0
0
0
0
0
0
0
0
1
0
0
1
0
0
3
0
1
0
0
0
0
1
0
0
0
0
0
0
0
1
0
1
0
0
0
0
0
0
0
0
2
0
0
0
0
0
0
1
0
2
0
0
0
0
0
0
0
0
1
0
0
0
0
0
0
0
1
0
0
2
0
0
0
0
0
1
1
1
0
0
0
0
0
1
0
1
0
0
0
0
0
0
1
1
0
1
0
0
0
1
1
0
0
0
0
1
1
0
1
1
0
0
0
0
0
0
0
1
0
0
0
0
0
1
0
2
0
0
0
0
0
0
1
0
0
0
1
1
0
0
0
1
0
0
1
0
0
0
0
0
1
2
0
0
0
0
0
2
0
0
0
0
1
0
0
0
0
1
0
0
0
0
0
1
0
0
0
0
0
2
0
0
0
0
1
1
0
0
0
0
0
0
0
0
0
1
0
0
1
0
2
0
0
0
0
1
0
0
1
0
0
0
0
0
0
0
0
0
0
0
0
0
1
0
0
0
0
0
0
0
1
0
0
1
0
2
2
0
0
0
2
1
0
0
0
0
0
0
0
0
0
0
0
0
0
1
1
0
0
0
1
0
0
0
1
1
1
0
0
1
0
0
1
1
1
1
0
0
0
1
0
0
0
0
0
0
0
1
0
0
1
0
0
0
1
0
0
0
0
0
1
0
0
0
0
0
2
0
0
0
1
0
1
0
1
1
0
0
0
0
1
0
0
0
0
0
1
0
1
1
0
0
0
0
1
0
0
1
0
0
0
0
0
1
0
1
0
0
0
0
1
0
0
0
0
2
0
1
0
0
0
0
0
0
1
1
0
0
0
0
0
0
0
0
1
0
0
0
0
0
0
0
0
0
1
0
0
0
4
0
0
2
0
0
0
0
0
0
0
0
1
0
0
1
1
0
0
1
0
0
0
0
1
0
0
0
0
0
0
1
1
0
0
0
0
1
0
0
1
0
1
1
0
0
0
0
0
1
0
0
0
0
1
0
0
0
2
0
0
0
1
0
0
1
0
1
0
0
0
0
0
1
0
0
0
1
0
0
0
0
0
0
0
0
1
1
0
0
0
0
0
0
0
0
0
0
0
1
0
0
0
0
0
0
0
0
0
0
0
0
0
0
0
0
0
1
1
0
1
1
0
0
0
0
0
0
0
0
0
1
1
0
0
0
0
0
0
2
1
1
0
0
0
1
0
1
0
0
1
0
1
0
0
0
0
0
0
0
0
1
0
1
0
0
0
1
2
2
1
0
0
0
0
0
0
0
2
0
0
0
0
1
0
0
0
0
0
0
0
0
0
1
0
0
0
0
2
0
0
0
1
0
0
0
0
0
0
0
0
1
0
0
0
1
1
0
0
1
0
0
0
0
0
1
0
0
0
1
0
0
0
0
0
0
0
1
0
1
0
1
0
0
0
0
0
0
0
0
0
0
0
0
0
0
0
1
0
2
1
1
0
0
0
0
0
0
0
0
0
0
0
0
0
2
0
0
0
0
0
0
0
0
0
0
0
0
0
0
0
0
0
0
0
0
1
0
1
1
0
0
0
0
1
0
0
0
0
0
0
0
0
1
0
0
0
0
0
0
0
0
0
1
0
0
1
0
0
0
0
0
0
0
0
1
0
0
0
0
0
0
0
0
1
0
0
0
0
0
0
0
0
0
0
0
1
0
0
0
0
0
0
0
0
0
0
0
0
0
0
0
0
0
0
0
0
0
0
0
0
0
0
0
0
0
0
0
0
0
0
0
0
0
0
0
0
0
0
0
0
0
1
0
0
0
0
0
0
0
0
0
0
0
0
0
0
0
0
0
0
0
0
0
0
0
0
0
0
0
0
0
0
0
0
0
0
0
0
0
0
0
0
0
1
0
0
0
0
0
0
0
0
0
0
0
0
0
0
1
0
0
0
0
0
0
0
1
0
0
0
0
0
0
0
0
0
0
0
0
0
1
0
0
1
0
0
0
0
0
0
0
0
0
0
0
0
0
0
0
0
0
0
0
1
0
0
0
0
0
0
0
0
0
0
0
1
0
0
1
1
0
0
0
0
0
0
0
0
0
0
1
0
0
0
1
0
0
0
0
1
0
0
0
0
0
0
0
0
0
0
0
0
0
0
0
0
0
0
0
0
0
0
0
0
0
0
0
0
0
0
0
0
0
0
0
0
0
0
0
0
0
0
0
0
0
0
0
0
0
0
0
0
0
0
0
0
0
0
1
1
0
0
1
0
0
0
0
0
0
0
0
0
0
0
0
0
0
0
0
0
0
0
0
0
0
0
0
0
0
0
0
0
0
0
0
0
0
0
0
0
0
0
0
0
0
0
0
0
0
0
0
0
0
0
0
0
0
0
0
0
0
0
0
0
0
0
1
0
0
0
0
0
0
0
0
0
0
0
0
0
0
0
0
0
0
0
0
0
0
1
0
0
0
0
1
0
0
0
0
0
0
0
0
0
0
0
0
0
0
0
0
0
0
0
0
0
0
0
0
0
0
0
0
1
1
0
0
0
0
0
0
0
0
1
0
0
0
0
0
0
0
0
0
0
0
0
0
0
0
0
0
0
0
0
0
0
0
0
0
0
0
0
0
0
0
1
0
0
0
0
0
0
0
0
0
0
0
0
0
0
0
0
0
0
0
0
0
0
0
0
0
0
0
0
0
0
0
0
0
0
0
0
0
0
0
0
0
0
0
1
0
0
0
0
0
0
0
0
0
1
0
0
0
0
0
0
0
0
0
0
0
0
0
0
0
0
0
0
0
0
0
0
0
0
0
0
0
0
0
0
0
0
0
0
0
0
0
0
0
0
0
0
0
0
0
0
0
0
0
0
0
0
0
0
0
0
0
0
0
0
0
0
0
0
0
0
0
0
0
0
0
0
0
0
0
0
0
0
0
0
0
0
0
0
0
1
0
0
0
0
0
0
0
0
0
0
0
0
0
0
0
0
0
1
0
0
0
0
0
0
0
0
0
0
0
0
0
1
0
0
0
0
0
0
0
0
0
0
0
0
0
0
0
0
0
0
0
0
0
0
0
0
0
0
0
0
0
0
0
0
0
0
0
0
0
0
0
0
0
0
0
0
0
0
0
0
0
0
0
0
0
0
0
0
0
0
0
0
0
0
0
0
1
0
0
0
0
0
0
0
0
0
0
0
0
0
0
0
0
0
0
0
0
0
0
0
0
0
0
0
0
0
0
0
0
0
0
0
0
0
0
0
0
0
0
0
0
0
0
0
0
0
0
0
0
0
0
0
0
0
0
0
1
0
0
0
0
0
0
0
0
0
0
0
0
0
0
0
0
0
0
0
0
0
0
0
0
0
0
0
0
0
0
0
0
0
0
0
0
0
0
0
0
0
0
0
0
0
0
0
0
0
0
0
0
0
0
0
0
0
0
0
0
0
0
0
0
0
0
0
0
0
0
0
0
0
0
0
0
0
0
0
0
0
0
0
0
0
0
0
0
0
0
0
0
0
0
0
0
0
0
0
0
0
0
0
0
0
0
0
0
0
0
0
0
0
0
0
0
0
0
0
0
0
0
0
0
0
0
0
0
0
0
0
0
0
0
0
0
0
0
0
0
0
1
0
0
0
0
0
0
0
0
0
0
0
0
0
0
0
0
0
0
0
0
0
0
0
0
0
0
0
0
0
0
0
0
0
0
0
0
0
0
0
0
2
0
0
0
0
0
0
0
0
0
0
0
0
0
0
0
0
0
0
0
0
0
0
0
0
0
0
0
0
0
0
0
0
0
0
0
0
0
0
0
0
0
0
0
0
0
0
0
0
0
0
0
0
0
0
0
0
0
0
0
0
0
0
0
0
0
0
0
0
0
0
0
0
0
0
0
0
0
0
0
0
0
0
0
0
0
0
0
0
0
0
0
0
0
0
1
0
0
0
0
0
0
0
0
0
0
0
0
0
0
0
0
0
0
0
0
0
0
0
0
0
0
0
0
0
0
0
0
0
0
0
0
0
0
0
0
0
0
0
0
0
1
0
0
0
0
0
0
0
0
0
0
0
0
0
0
0
0
0
0
0
0
0
0
0
1
1
0
0
4
4
4
1
0
0
1
1
1
0
0
0
0
0
0
0
0
0
0
0
0
0
0
0
0
0
0
0
0
0
0
0
0
0
0
0
0
0
0
0
0
0
0
0
0
0
0
0
0
0
0
0
0
0
0
0
0
0
0
0
0
0
0
0
0
0
0
0
0
0
0
0
0
0
0
0
0
0
0
0
0
0
0
0
0
0
0
0
0
0
0
0
0
0
0
0
0
0
0
0
0
0
0
0
0
0
0
0
0
0
0
0
0
0
0
0
0
0
0
0
0
0
0
0
0
0
0
0
0
0
0
0
0
0
0
0
0
0
0
0
0
0
0
0
0
0
0
0
0
0
0
0
0
0
0
0
0
0
0
0
0
0
0
0
0
0
0
0
0
0
0
0
0
0
0
0
0
0
0
0
0
0
0
0
0
0
0
0
0
0
0
0
0
0
0
0
0
0
0
0
0
0
0
0
0
0
0
0
0
0
0
0
0
0
0
0
0
0
0
0
0
0
0
0
0
0
0
0
0
0
0
0
0
0
0
0
0
0
0
0
0
0
0
0
0
$ENER_FIT:
0 1
$ENER_DATA:
0
$RES_DATA:
3
59.5409 0.135
122.06065 0.06
661.657 0.025
$TDF:
10000
$KROMEK_INFO:
LLD:
14
SCO:
14
DETECTOR_TYPE:
K102
DETECTOR_TYPE_ID:
17
DETECTOR_SERIAL_NO:
401
PRODUCT_FAMILY:
PC
PRODUCT_SERIAL_NO:
SE-PHYS-320-H32
DEVICE_SERIAL_NO:
SE-PHYS-320-H32
$EFF_CAL:
PEAK_ROI:
0.9545
ORDER_OF_FIT:
3
CURVE_EQ:
Fazekas
DATA:
0
